>> MS-flu.csv
2014.41,1.1,1.5,2.6,2.5,3.4,6.9,2.5,1.9,3.1,2.8
2014.42,0.8,1.5,6.6,2.8,2.0,7.6,2.2,1.9,2.8,2.6

>> MS-tweets.csv
2014.41,6,10,1,7,63,2,6,7,5,107
2014.42,2,12,2,9,90,2,1,9,10,137

>> MS-vaccinations.csv
2014.41,41150,25.07,31770,28.13,60858,26.21,45399,29.01,33908,16.94,24489,18.94,38994,19.18,29253,20.98,69059,23.98,54575,27.11,36668,15.93,28591,17.59,27937,23.08,21355,25.94,40879,20.79,31679,23.00,57698,18.37,45617,20.34,407151,21.48,312728,23.92
2014.42,41150,31.47,31770,35.36,60858,32.29,45399,35.78,33908,22.40,24489,25.30,38994,24.27,29253,26.64,69059,30.16,54575,34.04,36668,21.48,28591,23.92,27937,28.04,21355,31.63,40879,26.45,31679,29.37,57698,23.22,45617,25.85,407151,27.12,312728,30.29

>> MS-weather.csv
2014.41,27.19,14.87,6.76,20.35,10.94,7.16,27.84,15.60,4.45,22.84,11.79,0.97,29.21,16.85,0.23,21.63,11.49,0.05,20.25,11.79,0.02,20.06,10.84,0.77,27.97,16.81,0.06,24.73,13.83,1.85
2014.42,23.67,12.18,12.75,17.74,9.23,14.43,24.66,12.87,11.98,21.28,10.17,9.53,28.07,14.22,7.28,21.61,9.68,5.55,19.47,9.01,6.22,19.00,9.36,4.72,27.01,13.63,5.20,23.25,11.51,8.28

>> NC-flu.csv
2014.41,102,15521,0.65
2014.42,73,14860,0.49

>> NC-tweets.csv
2014.41,849
2014.42,870

>> NC-vaccinations.csv
2014.41,1005148,32.18,813438,35.03
2014.42,1005148,37.57,813438,40.90

>> NC-weather.csv
2014.41,22.99,9.34,2.06
2014.42,21.62,11.89,8.41

>> NJ-flu.csv
2014.41,1.36,5.09,0.56,,1.84,4.28,,,6.20,,,2.96,,3.59,,0.68,5.09,2.46,,1.62,4.11,,3.15,1.26,,3.51,2.30,1.38,2.59,3.41,,2.42,6.96,,2.22,4.14,,4.53,5.64,,,0.72,,4.14,4.13,,,3.64,,7.84,1.49,,2.13,4.35,,2.79,,,1.82,2.87,,,4.00,0.38,3.19,3.58

>> NJ-tweets.csv
2014.41,10,20,3,18,2,3,28,2,33,13,23,38,350,7,7,2,0,10,0,21,0,590
2014.42,11,27,6,8,8,1,51,7,52,13,33,26,356,11,8,9,4,12,0,13,3,659

>> NJ-vaccinations.csv
2014.41,37367,34.04,31369,36.09,108135,36.34,99187,37.56,52757,37.14,45362,39.38,56748,35.72,46258,38.35,19428,34.15,17064,35.98,19415,31.92,15370,34.57,64964,29.74,55026,31.67,30355,33.18,25231,35.25,44032,25.87,36693,27.02,16560,36.33,14843,36.63,41653,35.27,35048,37.96,80097,40.93,70096,43.31,79630,36.83,70593,38.69,57403,39.49,52660,40.89,99432,40.75,89250,42.93,47207,31.61,40853,33.23,10010,34.06,8281,35.80,32417,40.92,29544,42.68,18198,35.76,15714,37.67,52014,32.70,45507,34.47,15501,38.66,13563,40.71,983323,35.86,857512,37.83
2014.42,37367,38.88,31369,41.21,108135,41.70,99187,43.10,52757,41.83,45362,44.35,56748,39.92,46258,42.91,19428,39.39,17064,41.60,19415,36.00,15370,39.02,64964,34.09,55026,36.28,30355,37.20,25231,39.51,44032,29.35,36693,30.67,16560,41.86,14843,42.19,41653,40.63,35048,43.77,80097,45.41,70096,47.97,79630,42.12,70593,44.24,57403,44.83,52660,46.44,99432,45.73,89250,48.15,47207,35.66,40853,37.51,10010,38.32,8281,40.51,32417,45.93,29544,47.86,18198,42.26,15714,44.34,52014,37.59,45507,39.67,15501,44.46,13563,46.97,983323,40.68,857512,42.92

>> NJ-weather.csv
2014.41,19.86,9.55,3.08,20.40,10.24,3.55,19.04,7.47,2.78,19.27,7.77,2.40,20.31,12.69,2.85,19.89,9.17,1.79,18.81,7.23,3.73,,,3.01,20.09,9.36,4.71,19.84,6.31,3.40,19.69,6.24,3.40,21.36,7.23,3.73,20.08,8.01,3.55,19.72,6.79,4.27,,,3.42,18.73,6.10,4.07,,,2.52,19.37,5.49,2.97,19.05,5.30,1.92,20.12,9.81,3.06,18.17,3.90,2.14,17.21,6.49,3.21
2014.42,21.09,13.11,4.15,22.94,13.49,6.28,20.46,11.78,4.14,19.83,11.51,5.64,22.13,14.37,4.36,21.31,12.90,4.06,20.49,10.96,5.52,,,4.82,20.77,12.93,6.18,19.89,10.36,5.74,21.39,11.46,4.93,20.94,10.97,4.71,21.23,12.59,4.57,19.19,11.07,7.92,,,4.86,19.67,10.07,6.79,,,4.82,21.90,10.40,6.80,20.92,10.59,6.03,21.71,12.79,4.66,19.37,8.25,6.74,18.19,10.06,5.54

>> RI-flu.csv
2014.41,0.15,0,0.15,0,0,0
2014.42,0.24,0,0.21,0.03,0,0

>> RI-tweets.csv
2014.41,98
2014.42,123

>> RI-vaccinations.csv
2014.41,92788,28.07,72114,31.37
2014.42,92788,33.31,72114,37.14

>> RI-weather.csv
2014.41,18.45,6.59,1.77
2014.42,20.62,11.28,4.10

>> TN-districts.csv

>> TN-flu.csv
2014.41,0.0,0.5,1.4,0.8,0.9,0.0,0.0,1.1,0.0,0.4,0.0,0.0,0.0,0.50
2014.42,0.1,0.5,9.0,0.6,1.2,0.9,0.5,0.0,0.0,0.4,0.0,0.2,0.0,0.54

>> TN-tweets.csv
2014.41,91,3,7,111,117,8,4,5,29,38,11,6,4,434
2014.42,101,8,25,176,114,8,9,5,53,49,20,7,6,581

>> TN-vaccinations.csv
2014.41,77455,29.94,64228,32.31,82069,27.94,66600,29.90,12388,29.30,9967,31.31,85106,35.16,71191,37.98,39658,35.08,32977,38.18,51990,32.12,43106,34.44,54984,32.58,44320,34.90,42448,27.84,33843,30.26,35320,31.82,29749,34.12,36187,35.90,30157,39.27,84860,30.75,67899,33.98,36344,26.01,28777,28.67,14052,29.49,11065,33.10,652861,31.24,533879,33.89
2014.42,77455,35.85,64228,38.83,82069,34.80,66600,37.32,12388,36.95,9967,39.71,85106,40.85,71191,44.08,39658,40.02,32977,43.40,51990,38.48,43106,41.28,54984,38.36,44320,41.16,42448,33.23,33843,36.20,35320,37.82,29749,40.31,36187,41.50,30157,45.20,84860,36.14,67899,39.93,36344,31.75,28777,34.98,14052,35.06,11065,39.20,652861,37.11,533879,40.25

>> TN-weather.csv
2014.41,26.48,14.85,3.05,25.04,12.77,5.07,25.83,13.96,3.44,22.97,10.28,11.97,23.80,11.41,12.11,24.18,11.56,7.16,21.92,10.23,15.01,20.86,10.24,8.84,24.16,13.64,7.05,22.88,8.90,10.48,17.13,8.13,9.09,19.03,7.37,9.10,21.07,9.36,11.90,22.16,10.46,9.84
2014.42,22.87,12.61,6.65,21.31,11.28,7.80,22.43,11.70,8.40,19.53,11.19,13.39,20.94,11.84,11.61,21.24,11.75,17.01,20.22,11.48,12.67,18.61,10.94,12.91,20.44,12.97,14.05,22.47,13.09,15.58,16.75,9.57,12.54,19.23,10.56,9.76,20.75,12.11,7.12,19.82,11.21,12.69

>> TX-flu.csv
2014.41,112,181,390,307,138,93,1109,30606,3.62
2014.42,112,237,430,296,133,94,1190,29486,4.04

>> TX-tweets.csv
2014.41,1814
2014.42,2345

>> TX-vaccinations.csv
2014.41,1906778,30.20,1595165,32.40
2014.42,1906961,34.57,1599577,37.07

>> TX-weather.csv
2014.41,29.33,17.06,2.19
2014.42,26.08,11.37,2.99

>> USA-flu.csv
2014.41,00.75,01.00,01.61,01.56,01.16,01.04,01.85,00.54,00.87,01.55,01.32
2014.42,00.78,00.84,01.95,01.54,01.04,01.14,02.20,00.56,00.90,01.48,01.41

>> USA-tweets.csv
2014.41,1281,2665,3210,4358,3667,2629,2783,769,3141,1063,25566
2014.42,1814,3060,3675,5065,4544,3302,3093,873,4085,1366,30877

>> USA-vaccinations.csv
2014.41,1680876,33.18,1385004,35.79,2362407,33.26,2161867,35.56,3100773,33.10,2606714,35.47,6416726,29.78,5277125,32.53,4837702,32.07,3934187,34.77,3378249,27.86,2768923,30.30,1608486,31.57,1307214,34.57,908206,29.66,732989,32.63,3038358,29.02,2603011,30.94,1075845,27.80,898400,30.21,28407628,30.73,23675434,33.29
2014.42,1680876,38.60,1385004,41.63,2362407,38.20,2161867,40.87,3100804,38.26,2606714,40.98,6416726,34.70,5278305,37.88,4837702,37.29,3934749,40.41,3378432,32.72,2774957,35.56,1608916,37.03,1323555,40.31,908309,34.93,744787,38.06,3038358,33.09,2603561,35.29,1075845,32.56,899867,35.34,28408375,35.70,23713366,38.62

>> USA-weather.csv
2014.41,17.02,5.15,3.87,15.78,4.90,3.14,15.94,5.85,3.84,23.18,11.31,3.38,13.25,3.48,1.57,27.07,14.20,2.87,19.49,6.30,3.64,17.72,3.60,1.22,28.01,12.14,0.72,22.18,7.87,0.39,20.65,8.04,2.36
2014.42,19.25,8.47,5.56,18.05,8.80,5.54,17.16,9.39,6.39,21.84,12.19,8.78,15.10,6.65,4.59,24.20,9.61,3.25,18.21,4.78,3.05,16.61,1.70,0.62,24.54,10.17,0.46,16.04,6.04,3.99,19.43,7.60,4.06

